8.855228e+00	2.032569e+01
1.090842e+01	1.906042e+01
6.806715e+00	2.126207e+01
8.201216e+00	2.120726e+01
1.005389e+01	2.005535e+01
1.559166e+01	2.404029e+01
1.131446e+01	2.177508e+01
9.407329e+00	2.235565e+01
6.374011e+00	2.213589e+01
8.161221e+00	2.081281e+01
1.148845e+01	2.112876e+01
1.042053e+01	1.619376e+01
9.838155e+00	1.940751e+01
6.496774e+00	2.018175e+01
5.890088e+00	1.674495e+01
9.612853e+00	2.083914e+01
9.504613e+00	1.840395e+01
1.447291e+01	2.359391e+01
9.082221e+00	1.973508e+01
1.598080e+01	2.129059e+01
1.078272e+01	2.825593e+01
9.370404e+00	1.823156e+01
1.298731e+01	1.978912e+01
9.050927e+00	2.216445e+01
1.090050e+01	2.088715e+01
1.437885e+01	1.835564e+01
8.259892e+00	2.479527e+01
9.232244e+00	1.738158e+01
1.510244e+01	1.535577e+01
1.246614e+01	1.777034e+01
1.033624e+01	1.854431e+01
1.030288e+01	1.705856e+01
1.997086e+01	1.106267e+01
9.119407e+00	1.638842e+01
6.923401e+00	2.064258e+01
5.384971e+00	1.628325e+01
1.157258e+01	2.317337e+01
1.480063e+01	1.509005e+01
1.357455e+01	1.796417e+01
5.315782e+00	2.201904e+01
8.544900e+00	2.033522e+01
8.752350e+00	1.868934e+01
9.677127e+00	1.805782e+01
1.030658e+01	1.631391e+01
2.329610e+00	2.174633e+01
7.036205e+00	2.236696e+01
1.090340e+01	2.715164e+01
1.046082e+01	2.037973e+01
1.902402e+01	2.263552e+01
6.871497e+00	1.919940e+01
1.026958e+00	1.555167e+01
9.763763e+00	1.347892e+01
7.696675e+00	1.527256e+01
1.005376e+01	1.572328e+01
1.023405e+01	2.048282e+01
6.177326e+00	2.036565e+01
1.089663e+01	2.247844e+01
4.604965e+00	1.334161e+01
1.205837e+01	2.604811e+01
9.986990e+00	2.159707e+01
6.704455e+00	1.805904e+01
1.976257e+01	2.192597e+01
9.553558e+00	2.096427e+01
1.359579e+01	1.895170e+01
9.339659e+00	2.318219e+01
1.037313e+01	2.023707e+01
1.607410e+01	1.773995e+01
1.830418e+01	1.982799e+01
5.379528e+00	1.346716e+01
1.165016e+01	2.131074e+01
1.058087e+01	1.987935e+01
2.755045e+00	1.090612e+01
7.755591e+00	2.526815e+01
2.024873e+01	2.682953e+01
7.712960e+00	2.063977e+01
9.138375e+00	1.963419e+01
1.766694e+01	2.156954e+01
9.828873e+00	2.002216e+01
1.143562e+01	1.710101e+01
1.007078e+01	2.076450e+01
8.741000e+00	1.717792e+01
1.001896e+01	2.161251e+01
1.737009e+01	1.611183e+01
7.223461e+00	1.636923e+01
8.228008e+00	1.864013e+01
1.106089e+01	2.142479e+01
1.278222e+01	2.027391e+01
1.066322e+01	1.483254e+01
1.392654e+01	1.183125e+01
9.543299e+00	1.984723e+01
1.657619e+01	1.408646e+01
1.115471e+01	1.878258e+01
8.622097e+00	1.802199e+01
1.463556e+01	2.692109e+01
1.276429e+01	1.753739e+01
9.455696e+00	2.217890e+01
1.234303e+01	1.816683e+01
4.043956e+00	1.891709e+01
9.971086e+00	2.992680e+01
1.345933e+01	1.557248e+01
1.014072e+01	2.014369e+01
1.018771e+01	1.901638e+01
9.617911e+00	2.078575e+01
1.577367e+01	2.051782e+01
1.349262e+01	2.159457e+01
1.420528e+01	2.181340e+01
6.346063e+00	1.876529e+01
9.396062e+00	1.719888e+01
1.377508e+01	2.248010e+01
1.191449e+01	1.481318e+01
1.002169e+01	2.431089e+01
1.202289e+01	2.269960e+01
9.854449e+00	2.006421e+01
1.942567e+01	1.382432e+01
9.570584e+00	1.698034e+01
7.422708e+00	1.708245e+01
1.377715e+01	1.826797e+01
8.511198e+00	2.132187e+01
1.093609e+01	1.521297e+01
1.385781e+01	2.227302e+01
8.916292e+00	1.957267e+01
9.854718e+00	1.548016e+01
8.819865e+00	1.949042e+01
1.084186e+01	1.739542e+01
1.251827e+01	1.090628e+01
2.994926e+00	2.048941e+01
1.044390e+01	1.496012e+01
6.075171e+00	1.743772e+01
1.053392e+01	1.381805e+01
1.083770e+01	1.926582e+01
1.255754e+01	2.945585e+01
1.154184e+00	2.432601e+01
1.677041e+01	2.382447e+01
1.209950e+01	2.548166e+01
8.386884e+00	1.965493e+01
8.873538e+00	1.994715e+01
1.140376e+01	2.062772e+01
9.930576e+00	2.019730e+01
1.592708e+01	1.594990e+01
3.151497e+00	2.440112e+01
1.754958e+01	1.650199e+01
1.481354e+01	2.156169e+01
1.102380e+01	1.795199e+01
8.766971e+00	2.237846e+01
1.045514e+01	1.987564e+01
8.436262e+00	2.437115e+01
8.748505e+00	1.729404e+01
1.813483e+01	1.428111e+01
6.487834e+00	2.409704e+01
9.878001e+00	2.016273e+01
9.972284e+00	2.021632e+01
6.312710e+00	1.890808e+01
1.004910e+01	2.021863e+01
1.533954e+01	1.800602e+01
1.036512e+01	2.673946e+01
1.101676e+01	2.207514e+01
1.868135e+01	1.649517e+01
1.650945e+01	2.567795e+01
9.434452e+00	1.949028e+01
5.952553e+00	1.437653e+01
1.906499e+01	2.035158e+01
1.006371e+01	1.838263e+01
6.371541e+00	1.669383e+01
6.214360e+00	1.512910e+01
1.699182e+01	2.017607e+01
6.382124e+00	2.373984e+01
8.890379e+00	7.850330e+00
8.691803e+00	1.849314e+01
9.933774e+00	2.090221e+01
1.001658e+01	2.001397e+01
-1.885209e+00	1.892080e+01
1.063006e+01	2.086247e+01
1.000139e+01	1.999246e+01
1.509466e+01	2.148364e+01
7.809311e+00	1.968663e+01
1.098135e+01	2.064348e+01
1.706717e+01	1.434537e+01
5.861943e+00	2.523857e+01
1.276364e+01	2.027681e+01
1.608347e+01	2.284367e+01
3.872018e+00	1.399034e+01
1.009517e+01	2.152375e+01
1.046127e+01	2.263315e+01
1.144181e+00	2.299474e+01
9.731038e+00	2.481724e+01
7.244820e+00	1.964379e+01
1.330800e+01	2.078967e+01
1.107874e+01	1.847493e+01
3.118621e+00	2.267956e+01
1.016788e+01	1.971684e+01
2.115731e+01	1.664104e+01
1.681701e+01	2.195558e+01
6.075192e+00	2.217532e+01
9.193798e+00	2.093211e+01
9.849679e+00	2.723229e+01
6.492176e+00	1.794784e+01
5.028235e+00	2.321022e+01
3.991836e+00	2.190891e+01
7.386895e+00	1.801202e+01
8.285728e+00	2.220845e+01
