1.094761e+01
1.065198e+01
6.084324e+01
2.308136e+01
3.120960e+00
2.097271e+02
2.071344e+01
2.331951e+01
8.207520e+01
2.254106e+01
1.770620e+01
4.883665e+01
6.156999e+00
6.576767e+01
1.192531e+02
4.908279e+00
1.223967e+01
1.431267e+02
5.723808e+00
1.884332e+02
2.110782e+02
1.437121e+01
4.767571e+01
2.237971e+01
1.023717e+01
1.089299e+02
8.675806e+01
2.639861e+01
1.987129e+02
5.187321e+01
1.054852e+01
2.878144e+01
7.405763e+02
4.530401e+01
5.051536e+01
1.525353e+02
4.679229e+01
1.898729e+02
8.062168e+01
1.240828e+02
1.415380e+01
1.578110e+01
1.502873e+01
4.357025e+01
3.056323e+02
6.590821e+01
1.591058e+02
5.952982e+00
4.295439e+02
5.321510e+01
4.650431e+02
1.298923e+02
9.828649e+01
5.751806e+01
2.594405e+00
7.721699e+01
2.657693e+01
2.831335e+02
1.343957e+02
8.189288e+00
6.763284e+01
4.912790e+02
6.724527e+00
7.001335e+01
3.362785e+01
6.214835e+00
2.038831e+02
3.478299e+02
2.365455e+02
2.125321e+01
4.685094e+00
5.132644e+02
1.133070e+02
6.687623e+02
2.880739e+01
8.397889e+00
3.034319e+02
2.288637e+00
3.796662e+01
6.851640e+00
3.431216e+01
1.099115e+01
3.193431e+02
8.194590e+01
2.505937e+01
1.529457e+01
4.023229e+01
8.502672e+01
2.793484e+02
5.843474e+00
3.242027e+02
1.325479e+01
2.350405e+01
2.539798e+02
6.014171e+01
1.932395e+01
3.953644e+01
1.829176e+02
2.986293e+02
1.218833e+02
3.013578e+00
6.490553e+00
4.900918e+00
1.700555e+02
7.126534e+01
1.010120e+02
7.296985e+01
3.019836e+01
9.401206e+01
1.020456e+02
5.979861e+01
4.358542e+01
2.737176e+00
5.628673e+02
3.228387e+01
6.089249e+01
8.162026e+01
1.860483e+01
7.618398e+01
9.202882e+01
1.021255e+01
6.451950e+01
9.865668e+00
2.826496e+01
2.833557e+02
2.473039e+02
8.089430e+01
1.006895e+02
1.197745e+02
7.939055e+00
3.046589e+02
4.497071e+02
2.764874e+02
1.150718e+02
1.597215e+01
1.068983e+01
1.364172e+01
3.755102e+00
2.286795e+02
2.953993e+02
3.248277e+02
1.260876e+02
2.084872e+01
2.882419e+01
4.628595e+00
7.274619e+01
3.194069e+01
4.308167e+02
1.160685e+02
1.628098e+00
4.286172e+00
7.572927e+01
1.735784e+00
1.573899e+02
1.412624e+02
2.228076e+01
4.152854e+02
3.133221e+02
5.665440e+00
1.767059e+02
4.141701e+02
9.874472e+00
1.017327e+02
1.475420e+02
2.452439e+02
1.115317e+02
4.522125e+02
2.000950e+01
6.519809e+00
3.990501e+00
7.131026e+02
7.503355e+00
1.408515e+00
1.378483e+02
2.756158e+01
8.078621e+00
3.471352e+02
1.688332e+02
4.037980e+01
2.137295e+02
2.996495e+02
1.011904e+01
2.490934e+01
4.218708e+02
7.353999e+01
4.152641e+01
6.116304e+01
1.575915e+01
2.619634e+02
1.924748e+00
6.600777e+02
2.487042e+02
9.594082e+01
9.504010e+00
1.619808e+02
7.723770e+01
1.580388e+02
1.967086e+02
4.826111e+01
3.275132e+01
